           1          50   9.6625601872801781E-004
           2         100   1.5730829909443855E-003
           3         150   2.1795099601149559E-003
           4         200   3.1371059594675899E-003
           5         250   5.8429789496585727E-003
           6         300   6.8543099332600832E-003
           7         350   8.1910879816859961E-003
           8         400   1.0179655975662172E-002
           9         450   1.2793826055712998E-002
          10         500   1.5806628041900694E-002
          11         550   1.7720554023981094E-002
          12         600   2.4054480949416757E-002
          13         650   2.5561503949575126E-002
          14         700   2.8598553035408258E-002
          15         750   3.0002748942933977E-002
          16         800   3.8743874989449978E-002
