           1          25   1.3610091991722584E-004
           2          25   1.4238303992897272E-004
           3          25   1.1436198838055134E-004
           4          25   1.1046999134123325E-004
           5          25   8.6533022113144398E-005
           6          25   1.1081609409302473E-004
           7          25   6.9119960535317659E-003
           8          25   7.0751062594354153E-005
           9          25   1.9045410444959998E-003
          10          25   2.2016000002622604E-004
          11          25   2.2989697754383087E-004
          12          25   2.3751799017190933E-004
          13          25   2.4358800146728754E-004
          14          25   2.7055596001446247E-004
          15          25   2.7037900872528553E-004
          16          25   3.2000499777495861E-004
           1         200   6.3544920412823558E-003
           2         200   3.5635660169646144E-003
           3         200   2.5212359614670277E-003
           4         200   2.3743628989905119E-003
           5         200   2.5828090729191899E-003
           6         200   2.3296989966183901E-003
           7         200   3.2473420724272728E-003
           8         200   1.2939603067934513E-002
           9         200   4.4798210728913546E-003
          10         200   2.8188040014356375E-003
          11         200   3.1266988953575492E-003
          12         200   2.6662669843062758E-003
          13         200   3.0003180727362633E-003
          14         200   3.6311750300228596E-003
          15         200   2.5335040409117937E-003
          16         200   2.6691029779613018E-003
