   9.0909090909090912E-002     7.5019186093073969E-003
   8.3333333333333329E-002     6.3613860208740353E-003
   7.6923076923076927E-002     5.4619657639438067E-003
   7.1428571428571425E-002     4.7403185712940003E-003
   6.6666666666666666E-002     4.1525788796337110E-003
   6.2500000000000000E-002     3.6676006190724830E-003
   5.8823529411764705E-002     3.2627815010092443E-003
   5.5555555555555552E-002     2.9214010536013891E-003
   5.2631578947368418E-002     2.6308771267047307E-003
   5.0000000000000003E-002     2.3815962006240722E-003
   4.7619047619047616E-002     2.1661116273289922E-003
   4.5454545454545456E-002     1.9785833651737956E-003
   4.3478260869565216E-002     1.8143795859609875E-003
   4.1666666666666664E-002     1.6697888696528085E-003
   4.0000000000000001E-002     1.5418092695107237E-003
   3.8461538461538464E-002     1.4279916622435612E-003
   3.7037037037037035E-002     1.3263219935120078E-003
   3.5714285714285712E-002     1.2351317662439880E-003
   3.4482758620689655E-002     1.1530292910055268E-003
   3.3333333333333333E-002     1.0788463739513198E-003
   3.2258064516129031E-002     1.0115966057979823E-003
   3.1250000000000000E-002     9.5044245489330859E-004
   3.0303030303030304E-002     8.9466910371720242E-004
   2.9411764705882353E-002     8.4366349495769801E-004
   2.8571428571428571E-002     7.9689743492763023E-004
   2.7777777777777776E-002     7.5391388093619383E-004
   2.7027027027027029E-002     7.1431574507954199E-004
   2.6315789473684209E-002     6.7775670037278880E-004
   2.5641025641025640E-002     6.4393359028032165E-004
   2.5000000000000001E-002     6.1258012982582559E-004
   2.4390243902439025E-002     5.8346165331422614E-004
   2.3809523809523808E-002     5.5637071442753790E-004
   2.3255813953488372E-002     5.3112338422867610E-004
   2.2727272727272728E-002     5.0755612353570363E-004
   2.2222222222222223E-002     4.8552312982634544E-004
   2.1739130434782608E-002     4.6489407834836120E-004
   2.1276595744680851E-002     4.4555219184849162E-004
   2.0833333333333332E-002     4.2739258525143078E-004
   2.0408163265306121E-002     4.1032084171332896E-004
   2.0000000000000000E-002     3.9425178359265802E-004
   1.9607843137254902E-002     3.7910840848678326E-004
   1.9230769230769232E-002     3.6482096553359364E-004
   1.8867924528301886E-002     3.5132615121407881E-004
   1.8518518518518517E-002     3.3856640728127500E-004
   1.8181818181818181E-002     3.2648930629998566E-004
   1.7857142857142856E-002     3.1504701242343597E-004
   1.7543859649122806E-002     3.0419580728989265E-004
   1.7241379310344827E-002     2.9389567194701942E-004
   1.6949152542372881E-002     2.8410991744127600E-004
   1.6666666666666666E-002     2.7480485787085722E-004
   1.6393442622950821E-002     2.6594952014084519E-004
   1.6129032258064516E-002     2.5751538602843257E-004
   1.5873015873015872E-002     2.4947616232844880E-004
   1.5625000000000000E-002     2.4180757576912782E-004
   1.5384615384615385E-002     2.3448718966028468E-004
   1.5151515151515152E-002     2.2749423958827800E-004
   1.4925373134328358E-002     2.2080948610984550E-004
   1.4705882352941176E-002     2.1441508229742313E-004
   1.4492753623188406E-002     2.0829445448740383E-004
   1.4285714285714285E-002     2.0243219490553805E-004
   1.4084507042253521E-002     1.9681396451553141E-004
   1.3888888888888888E-002     1.9142640537400915E-004
   1.3698630136986301E-002     1.8625706110654620E-004
   1.3513513513513514E-002     1.8129430492468894E-004
   1.3333333333333334E-002     1.7652727415116919E-004
   1.3157894736842105E-002     1.7194581077864963E-004
   1.2987012987012988E-002     1.6754040728011785E-004
   1.2820512820512820E-002     1.6330215729942060E-004
   1.2658227848101266E-002     1.5922271060527250E-004
   1.2500000000000001E-002     1.5529423194663217E-004
   1.2345679012345678E-002     1.5150936332246820E-004
   1.2195121951219513E-002     1.4786118966209991E-004
   1.2048192771084338E-002     1.4434320709181476E-004
   1.1904761904761904E-002     1.4094929397559319E-004
   1.1764705882352941E-002     1.3767368431136275E-004
   1.1627906976744186E-002     1.3451094317195629E-004
   1.1494252873563218E-002     1.3145594418426221E-004
   1.1363636363636364E-002     1.2850384874386038E-004
   1.1235955056179775E-002     1.2565008683083201E-004
   1.1111111111111112E-002     1.2289033931752713E-004
   1.0989010989010990E-002     1.2022052162607806E-004
   1.0869565217391304E-002     1.1763676861220280E-004
   1.0752688172043012E-002     1.1513542059993718E-004
   1.0638297872340425E-002     1.1271301032130355E-004
   1.0526315789473684E-002     1.1036625102728856E-004
   1.0416666666666666E-002     1.0809202520620532E-004
   1.0309278350515464E-002     1.0588737434337743E-004
   1.0204081632653060E-002     1.0374948918759027E-004
   1.0101010101010102E-002     1.0167570084947826E-004
   1.0000000000000000E-002     9.9663472547688179E-005
   9.9009900990099011E-003     9.7710391686541936E-005
